0,011725293	0,006160164	0,007653061	0,00625	0,00617284	0
0,014242879	0,005545287	0,004376368	0,010362694	0,006451613	0,02247191
0,012552301	0,008010681	0,009230769	0,003745318	0,006342495	0,007633588
0,017071909	0,007451565	0,012195122	0,003759398	0,003816794	0,008
0,016941392	0,007949126	0,006097561	0,003875969	0,011787819	0,016666667
0,011666667	0,001381215	0,005357143	0	0,004694836	0,019417476
0,007763975	0,002283105	0,002070393	0,005102041	0,002873563	0
0,011804384	0,003120125	0,005405405	0,004484305	0,004784689	0,00990099
0,012312634	0,00280112	0,014563107	0,008583691	0,004651163	0,010416667
0,013075965	0,010447761	0,010638298	0,004424779	0,002531646	0,021052632
0,023601847	0,001879699	0,006825939	0	0,002421308	0,011235955
0,008361204	0,001494768	0,003305785	0,005050505	0	0,011494253
0,011409943	0	0,00248139	0	0,003546099	0,016393443
0,01507159	0,003992016	0,002197802	0,011363636	0,005494505	0
0,009765625	0,004457652	0,001669449	0,007246377	0,003976143	0
0,010211028	0,00608828	0	0,005617978	0,002739726	0,012345679
0,01332593	0,001430615	0,001680672	0	0,004576659	0
0,025993884	0,00624025	0,004056795	0	0,004950495	0,013333333
0,015285599	0,02970297	0,023255814	0,012903226	0,015974441	0,048780488
0,018966645	0,015521064	0,016587678	0,021505376	0,008196721	0,029411765
0,032585083	0,006535948	0,010330579	0,004385965	0,005555556	0,029850746
0,043536504	0,006410256	0,017928287	0,02020202	0,014792899	0,06097561
0,02308627	0,010570825	0,016	0,023255814	0,005714286	0,030769231
0,022853958	0,006482982	0,007633588	0,007604563	0,00536193	0,013513514
0,075336323	0,003344482	0,035598706	0,016393443	0,009950249	0,066666667
0,051235133	0,02027027	0,031413613	0,037037037	0,017301038	0,017857143
0,029368576	0,028790787	0,016949153	0,009302326	0,020501139	0
0,025810721	0,008695652	0,024714829	0,00921659	0,005405405	0,012820513
0,03257329	0,019230769	0,018552876	0,010810811	0,014888337	0,020618557
0,038138332	0,006279435	0,011583012	0,018099548	0,008064516	0,031746032
0,037567084	0,014164306	0,021186441	0,013986014	0,009677419	0,015151515
0,021723896	0,032989691	0,014989293	0,035897436	0,012698413	0,111111111
0,052631579	0,008726003	0,016842105	0,028301887	0,029239766	0,026666667
0,045779685	0,013266998	0,032986111	0,024038462	0,026785714	0,025974026
0,029716655	0,006097561	0,005758157	0,023584906	0,011904762	0,014084507
0,027272727	0,011494253	0,021582734	0,017182131	0,004926108	0
0,027221777	0,021956088	0,015801354	0,02238806	0,017921147	0,123076923
0,029100529	0,017064846	0,037906137	0,026315789	0,012307692	0,035087719
0,041116006	0,017148982	0,026595745	0,042735043	0,020779221	0,054794521
0,052564103	0,012903226	0,023411371	0,022988506	0,023376623	0,018018018
0,046734572	0,030965392	0,027375201	0,012	0,020881671	0,060606061
0,0510907	0,023709902	0,03869969	0,02	0,02484472	0,051020408
0,030583874	0,019559902	0,014705882	0,008810573	0,020833333	0,021276596
0,068862275	0,013651877	0,03307393	0,033333333	0,036111111	0,08
0,043040805	0,021582734	0,017142857	0,024291498	0,01038961	0,06122449
0,048991354	0,063307494	0,021775544	0,013157895	0,020942408	0,094117647
0,046258503	0,030769231	0,021922428	0,048780488	0,043478261	0,084507042
0,053009387	0,046954315	0,025125628	0,025270758	0,050675676	0,063492063
0,07442597	0,054901961	0,032258065	0,033557047	0,020408163	0,080645161
0,030529595	0,048648649	0,048484848	0,035714286	0,023738872	0,1
0,083044983	0,038387716	0,056818182	0,042944785	0,046035806	0,061068702
0,060387812	0,027338129	0,026275116	0,027874564	0,037647059	0,146551724
0,056972328	0,06629055	0,049766719	0,045016077	0,047263682	0,058823529
0,073847601	0,070505288	0,052631579	0,023255814	0,031390135	0,060869565
0,075471698	0,043360434	0,050675676	0,038793103	0,03021978	0,02173913
0,03983597	0,033288948	0,048192771	0,011363636	0,072580645	0,046875
0,060639471	0,081784387	0,046052632	0,02661597	0,041131105	0,046511628
0,068376068	0,046556741	0,046242775	0,024561404	0,053364269	0,063157895
0,053930006	0,074200913	0,043859649	0,056213018	0,036866359	0,043478261
0,087527352	0,208806818	0,09672619	0,06744868	0,034653465	0,132653061
0,075384615	0,03058104	0,048923679	0,109677419	0,048192771	0,06557377
0,080024067	0,027644231	0,045289855	0,073076923	0,028409091	0,147368421
0,099899598	0,041060736	0,061097257	0,05033557	0,051724138	0,106870229
0,075369458	0,071351351	0,074688797	0,048859935	0,057777778	0,109243697
0,071815052	0,052830189	0,053571429	0,043771044	0,040723982	0,069230769
0,071909167	0,092018779	0,047101449	0,054487179	0,04622871	0,061403509
0,092823713	0,037147103	0,054054054	0,064	0,036923077	0,04109589
0,091801386	0,037227214	0,061032864	0,043636364	0,037249284	0,121495327
0,109444444	0,071060762	0,049032258	0,071428571	0,059431525	0,061946903
0,085008616	0,043816943	0,04845815	0,072243346	0,06175772	0,098039216
0,064640884	0,056969697	0,04691689	0,035087719	0,047961631	0,111111111
0,086341463	0,051170859	0,06375	0,04805492	0,056122449	0,075268817
0,12936803	0,098529412	0,06185567	0,055555556	0,058091286	0,208333333
0,151860744	0,098557692	0,088339223	0,074688797	0,056122449	0,090909091
0,238913304	0,076171875	0,081081081	0,097368421	0,064367816	0,098214286
0,10323763	0,070034443	0,085007728	0,0546875	0,050359712	0,120481928
0,106082725	0,078699743	0,105997211	0,049689441	0,043763676	0,104
0,11879771	0,094907407	0,105263158	0,070224719	0,064665127	0,05982906
0,136297376	0,094364351	0,072761194	0,063492063	0,077348066	0,175438596
0,17382088	0,105975197	0,113707165	0,093877551	0,094527363	0,211538462
0,122343481	0,146	0,11048951	0,080769231	0,073239437	0,165048544
0,127302275	0,115479115	0,10990502	0,098540146	0,095238095	0,194805195
0,137223975	0,114824336	0,095700416	0,078341014	0,105943152	0,184782609
0,168858496	0,160076531	0,118665019	0,08815427	0,121293801	0,085714286
0,163897281	0,095461659	0,121593291	0,089473684	0,111464968	0,123076923
0,130348914	0,083879423	0,14351145	0,079847909	0,077966102	0,171428571
0,275889328	0,135188867	0,134310134	0,089108911	0,1325	0,212765957
0,151256013	0,18630752	0,127733026	0,092592593	0,113163972	0,133928571
0,174937965	0,115830116	0,100591716	0,075418994	0,061085973	0,16025641
0,08372093	0,035179943	0,088579795	0,063559322	0,034444444	0,154285714
0,332307692	0,111538462	0,233236152	0,292035398	0,317241379	0,217391304
0,197809719	0,165322581	0,153429603	0,115555556	0,145299145	0,186666667
0,240808824	0,1461837	0,181818182	0,114864865	0,18875502	0,311111111
0,194127243	0,139423077	0,128824477	0,124324324	0,15755627	0,230769231
0,212643678	0,122020972	0,193043478	0,113636364	0,125	0,24137931
0,212540717	0,103448276	0,134275618	0,12601626	0,148148148	0,361702128
0,230769231	0,129411765	0,136538462	0,188340807	0,175732218	0,25
0,209150327	0,104743083	0,120921305	0,116022099	0,13836478	0,163934426
0,310819672	0,113636364	0,138801262	0,167315175	0,202816901	0,220930233
0,260027663	0,111502347	0,148629149	0,144486692	0,127536232	0,257731959
0,291585127	0,126582278	0,184942717	0,142857143	0,097883598	0,217391304
0,249238269	0,120918984	0,174351585	0,201492537	0,134939759	0,222222222
0,252957234	0,134433962	0,152886115	0,164609053	0,156794425	0,186046512
0,259032038	0,128238342	0,174894217	0,115384615	0,113772455	0,236363636
0,285911602	0,155709343	0,184012066	0,194552529	0,202531646	0,228571429
0,288201161	0,173310225	0,152406417	0,185328185	0,196132597	0,274509804
0,290572792	0,168269231	0,164634146	0,208955224	0,131894484	0,247311828
0,287560582	0,091666667	0,173262032	0,198529412	0,13594041	0,205357143
0,376185458	0,29375	0,266816143	0,364285714	0,279279279	0,361702128
0,325044405	0,3125	0,18487395	0,241706161	0,271493213	0,148648649
0,313829787	0,327044025	0,24	0,252252252	0,264797508	0,351851852
0,342541436	0,29122807	0,234463277	0,202453988	0,266393443	0,161764706
0,302455357	0,273015873	0,204334365	0,216	0,245714286	0,170731707
0,353541417	0,297968397	0,209708738	0,19	0,218045113	0,255813953
0,384422111	0,256959315	0,28604119	0,233333333	0,205223881	0,2875
0,374213836	0,327838828	0,30625	0,294642857	0,323717949	0,457446809
0,434051144	0,46390169	0,352024922	0,424242424	0,38	0,414634146
0,469273743	0,371428571	0,327476038	0,31981982	0,375	0,511627907
0,480268057	0,50913242	0,401769912	0,381526104	0,405498282	0,484848485
0,550458716	0,48177496	0,547337278	0,483108108	0,547683924	0,47107438
0,409402547	0,39223301	0,358649789	0,366197183	0,302681992	0,4
0,427144047	0,298728814	0,330396476	0,303370787	0,287790698	0,362318841
0,378874388	0,384615385	0,41978022	0,277777778	0,339857651	0,392265193
0,496414343	0,400696864	0,492031873	0,412162162	0,425	0,472972973
0,506217996	0,421550095	0,428037383	0,420560748	0,407407407	0,368421053
0,554857419	0,836108221	0,504702194	0,406716418	0,419191919	0,482142857
0,419527897	0,437299035	0,435955056	0,432432432	0,412037037	0,349206349
0,597379913	0,585480094	0,561728395	0,519607843	0,51	0,489130435
0,64713217	0,48534202	0,6272578	0,570135747	0,580756014	0,5
0,592217899	0,402646503	0,582781457	0,512953368	0,449122807	0,466666667
0,615170494	0,660933661	0,558648111	0,528795812	0,517928287	0,542168675
0,634486946	0,642722117	0,672340426	0,672131148	0,609907121	0,623655914
0,635459818	0,595477387	0,597849462	0,602094241	0,536290323	0,590163934
0,627765065	0,630319149	0,585020243	0,515463918	0,513409962	0,578313253
0,644870349	0,672523962	0,694751381	0,590733591	0,56675063	0,636363636
0,657142857	0,597535934	0,581308411	0,559633028	0,576923077	0,630952381
0,57086224	0,602	0,544776119	0,498207885	0,510086455	0,603960396
0,703767123	0,681338028	0,704379562	0,59030837	0,583850932	0,591397849
0,622039135	0,676020408	0,593023256	0,518987342	0,568376068	0,457142857
0,57890625	0,625603865	0,618473896	0,553278689	0,464285714	0,609756098
0,657823129	0,714285714	0,614779874	0,684684685	0,583617747	0,554347826
